,27_3,3_6,6_9,9_12,12_15,15_18,18_21,21_24,24_27
AAA,+,+,+,-,-,-,+,-,-
AAG,-,-,-,+,+,+,-,+,+
AAC,-,+,-,-,+,+,-,+,+
AAT,+,-,+,+,-,-,+,-,-
ACA,+,-,-,+,-,-,+,+,-
ACC,-,+,-,-,+,+,-,+,+
ACG,-,-,+,-,+,-,-,+,+
ACT,+,+,+,+,-,+,+,-,-
AGA,+,+,-,+,-,+,+,-,-
AGG,+,-,-,+,-,-,+,+,-
CGA,+,+,+,-,+,+,+,-,+
CGC,-,+,-,-,+,+,-,+,+
CGG,-,-,+,-,+,-,-,+,+
CGT,-,+,-,+,+,+,-,-,+
AGC,-,-,-,-,+,-,-,+,+
AGT,+,+,+,+,-,-,+,-,-
TCA,+,-,+,+,-,-,+,-,-
TCC,-,+,-,-,+,+,-,+,+
TCG,-,+,-,-,+,+,-,+,+
TCT,+,+,-,+,-,+,+,-,-
ATA,+,-,+,+,-,-,+,-,-
ATC,-,+,-,+,+,+,-,+,+
ATT,+,+,+,-,-,+,+,-,-
ATG,-,-,-,-,-,-,-,-,-
TTC,-,+,-,+,+,+,-,+,+
TTT,+,-,+,-,-,-,+,-,-
TAC,-,-,-,+,+,+,-,+,+
TAT,+,+,+,-,-,-,+,-,-
TGC,-,+,+,-,+,+,-,+,+
TGT,+,-,-,+,-,-,+,-,-
TGG,-,-,-,-,-,-,-,-,-
CTA,+,-,-,+,-,-,+,+,-
CTC,-,-,-,+,+,+,-,+,+
CTG,-,+,-,-,+,+,-,+,+
CTT,+,+,+,-,-,+,+,-,-
TTA,+,-,+,-,-,-,+,-,-
TTG,+,+,-,+,-,-,+,-,-
CCA,+,+,+,-,-,+,+,-,-
CCC,-,-,+,-,+,-,-,+,+
CCG,-,-,+,-,+,-,-,-,+
CCT,+,+,-,+,-,+,+,+,-
CAC,-,-,-,-,+,-,-,+,+
CAT,+,+,+,+,-,+,+,-,-
CAA,+,-,-,+,-,+,+,-,-
CAG,-,+,+,-,+,-,-,+,+
GTA,+,-,+,+,-,-,+,-,-
GTC,-,-,+,-,+,+,-,+,+
GTG,-,+,-,-,+,+,-,+,+
GTT,+,+,+,+,-,+,+,-,-
GCA,+,+,+,+,-,-,+,-,-
GCC,-,-,-,+,+,-,-,+,+
GCG,-,-,+,-,+,-,-,-,+
GCT,+,+,+,-,-,+,+,-,-
GGA,+,+,-,+,-,+,+,-,-
GGC,-,-,-,+,+,-,-,+,+
GGG,-,-,+,-,+,-,-,-,+
GGT,+,+,+,-,-,+,+,-,+
GAC,-,-,-,-,+,-,-,+,+
GAT,+,+,+,+,-,+,+,-,-
GAA,+,+,+,+,-,+,+,-,-
GAG,-,-,-,-,+,-,-,+,+
TAA,+,+,+,-,-,+,+,-,+
TAG,+,+,+,-,+,-,+,-,+
TGA,-,-,-,+,+,+,-,+,-
